6.558414418888292019e-01 5.786945889824530731e-01
8.732359854900665352e-01 1.019299418263615475e+00
8.449759489621795350e-01 9.638781535873998108e-01
9.473353854998300960e-01 1.120075554775011639e+00
7.590386709117304953e-01 8.538128682768958422e-01
7.751503845356412237e-01 6.228352810350759050e-01
8.998094066209283426e-01 9.831301920860725518e-01
7.689741701460655054e-01 9.441009406718159358e-01
5.656548646017804938e-01 4.958274423502679884e-01
5.513304078574307043e-01 5.103204369704115173e-01
9.973282141657685562e-01 8.073718963456503195e-01
5.991633793381647699e-01 8.247720218283058902e-01
1.179240916751464585e+00 1.093770923921759008e+00
9.585340288135155706e-01 1.104793044847509620e+00
8.411344244571073991e-01 1.011334931268873083e+00
1.156394503155864006e+00 1.087360598411054147e+00
1.113754234203279347e+00 1.110641195391888658e+00
7.832766642641135757e-01 7.983902238550623087e-01
9.260623106271379523e-01 6.585625936878166664e-01
1.046611251773613027e+00 9.463166844382929765e-01
1.004491434928848959e+00 -7.648874450846021578e-01
8.794625757893893558e-01 -7.226673186472417632e-01
5.211452475629504422e-01 -6.779982111075881779e-01
8.971302969564163288e-01 -8.440068920161196697e-01
8.888561223535311751e-01 -8.986828781975759739e-01
4.938325187618944345e-01 -7.305130707958583658e-01
4.639202590675871041e-01 -5.810283424136244435e-01
9.353838272836961787e-01 -6.853109090179472229e-01
4.976779908929722107e-01 -6.409341300463486935e-01
1.045804159575126180e+00 -1.037008426484562706e+00
9.608214832213277656e-01 -7.424720511474842688e-01
7.148490452335223289e-01 -8.132666552643016411e-01
7.113323975064093085e-01 -8.516601348066866750e-01
8.993381644457808521e-01 -9.387345263802215900e-01
4.391198949841877419e-01 -6.207246508013513075e-01
7.857371542040735291e-01 -7.513573611812586206e-01
4.426788569724437461e-01 -5.225984788164373951e-01
7.428478828393949573e-01 -6.034476811336407787e-01
6.920373418064933446e-01 -5.070005074956325242e-01
9.951890950384129075e-01 -9.764347019127006533e-01
-8.227770818449433587e-01 -9.790007629270620626e-01
-5.969326206049314631e-01 -5.580559499193932238e-01
-6.552838140359940056e-01 -6.349130717020667891e-01
-9.997422968017494194e-01 -1.038297690255969963e+00
-5.009791479872521824e-01 -4.944851651658850877e-01
-8.607879710339223500e-01 -7.453452338876334071e-01
-1.027552173939549673e+00 -1.110857581407191486e+00
-1.238801750472643182e+00 -1.227566365667762893e+00
-1.046546662304376429e+00 -9.257634741551850066e-01
-9.538795106796201795e-01 -8.909279115064756560e-01
-4.936632086055015023e-01 -3.789074519472730995e-01
-7.731150304478552338e-01 -8.182056447707533042e-01
-4.659182242852651923e-01 -3.879332873089322842e-01
-7.742728658042697942e-01 -7.423851547591475697e-01
-7.339267393286861285e-01 -6.085706541087574362e-01
-7.558023830892161010e-01 -9.088548602011233823e-01
-5.039362037451156073e-01 -5.934764048418643689e-01
-1.182758081022934338e+00 -1.048623970034446851e+00
-5.820560790252073957e-01 -8.041422482363548285e-01
-4.566264072585065059e-01 -5.628725838007168081e-01
-8.067778712812535558e-01 6.668561393372205437e-01
-7.449476551564179205e-01 6.469195267196714560e-01
-1.226638803812535983e+00 1.183114180793355175e+00
-9.588267216971643192e-01 1.073833669611551578e+00
-5.718368738624299841e-01 6.645178391738230106e-01
-1.183844512686786699e+00 1.066037273068832336e+00
-4.221457356968537078e-01 3.783627221978791977e-01
-8.939249834536594497e-01 8.701425114575235265e-01
-5.591325849570025763e-01 8.091411182762582310e-01
-5.267211027512993526e-01 7.586032333274594919e-01
-6.198293969681250015e-01 4.341577902621410745e-01
-6.254305986088913860e-01 6.086015161416772346e-01
-1.196138635332052669e+00 1.136701157946896856e+00
-6.442566974205280461e-01 4.323146651501109661e-01
-9.155759180008795628e-01 8.732299768209719204e-01
-8.945204721267072667e-01 8.052259328143503980e-01
-9.231773979406283637e-01 9.585803615197817651e-01
-9.469663480257697330e-01 8.620647565708791094e-01
-6.154462195192295093e-01 4.153622361784167216e-01
-1.158654782115811521e+00 1.221653970872592199e+00
-7.592175212518362769e-03 2.363523320374442405e-01
2.140223599677701719e-02 -1.288746321414236673e-01
1.099962156832550754e-02 -2.077312416818495044e-01
5.287765923847128485e-02 -1.055145778525407030e-01
4.995421724732174162e-02 2.412600762678409061e-01
2.834082081516027876e-02 -2.260495871115818789e-01
-2.275943180501439067e-01 4.887419796093535329e-02
-2.195647151233650618e-01 -5.867610961495621502e-02
1.013059647587835205e-01 -1.442428053862762627e-01
1.296100752487766052e-02 -2.083031771011207012e-01
3.407758082985745673e-02 7.474775892462463822e-02
-1.931333654716076847e-02 6.825467076652795562e-02
1.436831809956036488e-01 1.361946677888364599e-01
-1.832093470525839318e-01 1.055275430453939400e-01
-1.451311483896020049e-01 -1.705476188343164612e-01
2.143338132523434914e-01 -9.626171892364798754e-02
2.406632056701212344e-02 -1.446433244876471624e-01
9.749887468935368451e-02 3.551519561515621703e-02
2.036975881233609453e-01 2.903262372406098524e-02
2.005361636834530545e-02 -1.560330260704234084e-01
-8.914392852109875864e-01 -1.432379790492893934e-01
-8.528811971404316461e-01 2.080300519956875260e-01
-9.779182607259175875e-01 2.450956357068646840e-01
-8.374468023923860027e-01 -8.890229183579929917e-02
-8.150739264438801035e-01 1.300911625811189132e-01
-1.082300137528564798e+00 1.401994298653440330e-01
-9.725821233025182533e-01 -1.781271752273327555e-02
-1.032820250792958472e+00 3.196693010755913538e-03
-8.992743991744572840e-01 1.891160693570916873e-01
-8.179810052867949599e-01 1.887984961136594808e-01
-1.178167510903928683e+00 1.087743380123682019e-01
-9.367646910552205330e-01 1.507736137584274605e-01
-9.478617734932475170e-01 -7.085731700177602677e-02
-1.215511616285125607e+00 2.894873583822704308e-02
-9.785584236959408155e-01 2.060876233806327729e-01
-9.717243716711707613e-01 -2.059766578781553337e-01
-8.712286462206795257e-01 8.377785165500269138e-02
-9.221452326166598157e-01 1.681665663436055225e-01
-1.139087255941704457e+00 -1.238976916844830578e-01
-7.436083721492391385e-01 4.705822324822888508e-02
9.817217290313221545e-01 -2.187908026705407960e-01
1.185517863620921375e+00 -1.264592804162691098e-01
9.482315986769761507e-01 1.707511947518123574e-01
1.102412846874732288e+00 7.519282359063614307e-02
9.407268554368530822e-01 -1.416894842173870017e-01
9.989139110494615892e-01 -1.470768846828501841e-01
1.027853743923266450e+00 1.658059641730982858e-01
1.131733191247140002e+00 -8.296650030851025759e-02
8.594931168043956626e-01 -7.649665383406291375e-02
7.836616555311166632e-01 7.897069762044074681e-02
8.798762839283943427e-01 2.173899840994563126e-01
8.403734338294157613e-01 -1.282033000816937551e-01
1.012409560282077514e+00 -2.076678566543060378e-01
1.110068958255683969e+00 5.836528415304335915e-02
9.604653567387905211e-01 1.931526497057286518e-01
7.735069181161500218e-01 7.707479498642443028e-02
8.509990798641928755e-01 -8.557687919285173611e-03
8.053885932253562752e-01 -4.494694430692784681e-02
1.206619642177469531e+00 2.741986157066453322e-02
1.086154544368940877e+00 -9.746034029252167996e-02
-2.056087504626587514e-01 -1.108046125949543992e+00
-2.473166998942994410e-01 -1.050299882634727844e+00
-1.727613390126444826e-01 -9.574723734467769365e-01
6.730856936303999949e-02 -7.516567787590271443e-01
-2.213412081139206067e-01 -8.564699850549174487e-01
9.122009744983547441e-02 -1.093351754599879655e+00
9.326525307190311476e-02 -7.918572659779938849e-01
3.945181906200236760e-02 -9.163667598394193980e-01
9.461142271002002946e-02 -1.075430067734994610e+00
5.556465386000523921e-02 -9.312129361466042754e-01
-2.578562925069817213e-01 -9.758587696239149345e-01
1.070710644060805100e-01 -1.189139680018062917e+00
1.522726186665689929e-01 -1.015465742375893043e+00
1.834937721824338452e-01 -9.851837447458855479e-01
-5.149866396135106134e-02 -7.718565721510568522e-01
1.807148452816862150e-01 -1.090177130385419968e+00
1.441648532764136792e-01 -1.051800043590673805e+00
1.078304982636750509e-02 -8.244120956801718192e-01
-2.126782427819789989e-01 -8.661149991671250881e-01
-2.443145073161381298e-01 -1.032431360858728553e+00
-7.601970655922324349e-02 7.281373671322671770e-01
-6.125432065178612606e-03 7.784940870409021718e-01
-5.728198847971013863e-02 1.062506258178623320e+00
1.395068336343392550e-02 1.089845226050042193e+00
-1.660506061439125380e-01 9.777587584992779579e-01
-9.864621222419998892e-02 8.261912059864009450e-01
1.718082616848821687e-01 7.816850109988320305e-01
-1.142792711299698977e-01 7.991840527379204806e-01
1.844266973687309352e-01 8.660737073109103790e-01
5.700404269971075244e-02 9.331740794321431443e-01
-3.806570765431434300e-02 1.073132253810569203e+00
1.706640550322081062e-01 9.612842081661766569e-01
-8.516482159131645580e-02 8.102384875850878743e-01
-1.663501197656116759e-01 7.982043242480000300e-01
2.248551713954555775e-01 8.558078277254719257e-01
-2.873063190774578432e-02 9.043038694788897436e-01
-6.134213683932627365e-02 9.478987370095441900e-01
-1.771556264179296736e-01 1.032880023552256832e+00
-1.817573132222484178e-01 8.582231015981384159e-01
-1.266253084053464983e-01 1.153012728571389367e+00
1.877195620406370669e+00 -4.583946188615183326e-01
1.986599575242850690e+00 -5.145410845770490571e-01
1.651240410598399322e+00 -5.357623706707671518e-01
1.658921778276026604e+00 -5.462968284655776996e-01
1.773326920415161823e+00 -3.931885752157783243e-01
1.852549039531767638e+00 -4.178387991810963431e-01
1.458073957949854949e+00 -4.490723024774940786e-01
1.737488590984909154e+00 -5.525870867587909796e-01
1.772442504228598281e+00 -3.705681566812299432e-01
1.529989042772822438e+00 -3.414785855363982048e-01
1.638696485693841964e+00 -3.734665220648419881e-01
1.788817178898764126e+00 -5.861054865898586153e-01
1.988737834882632116e+00 -4.636026198281182897e-01
1.650962181135591678e+00 -3.830091794633270208e-01
1.607500231992921913e+00 -5.216794796343109386e-01
1.637298486261442365e+00 -5.107244329962801199e-01
2.003680847354108785e+00 -5.450384904538149167e-01
1.501758786162400217e+00 -3.287136609816722621e-01
1.769229802247548777e+00 -4.437828157907365290e-01
1.780658659342780670e+00 -3.764451122311313069e-01
-4.107843636858268255e-01 -1.643388083321804416e+00
-5.665587285972754072e-01 -1.798726359293872479e+00
-4.096223443399932274e-01 -1.666814642515015210e+00
-4.415015569489184610e-01 -1.774711240437635285e+00
-5.398139087024754756e-01 -1.818450355144950681e+00
-3.841956346112388454e-01 -1.799590714430320038e+00
-5.380646833775656335e-01 -1.898879252947356155e+00
-5.886349282877348932e-01 -1.750657973559223812e+00
-4.815273812924992791e-01 -1.607404123494301507e+00
-5.638167656264001515e-01 -1.767394742683442432e+00
-3.424499167437662361e-01 -1.511791532877606592e+00
-5.341226562542943368e-01 -1.911930837524133953e+00
-3.890364015833758238e-01 -1.787119335762728856e+00
-3.404778443641023333e-01 -1.694965433629143980e+00
-3.947110870484674683e-01 -1.494081478495085991e+00
-5.856344810111185906e-01 -1.820344566280091669e+00
-5.655148400308591672e-01 -2.037419992166864091e+00
-5.003562882327943218e-01 -2.057027685868309419e+00
-5.437095779596717859e-01 -1.880726722712755761e+00
-3.904095908358196643e-01 -1.746728497092394194e+00
-1.850968429191952813e+00 5.650616688804989129e-01
-1.593522643244088099e+00 5.205121569425604777e-01
-1.733992515754478880e+00 4.220417768674755710e-01
-1.591165729312861155e+00 3.340990964486261761e-01
-1.723083938248619162e+00 5.300179031593591494e-01
-1.855092932309113429e+00 5.969265842636853892e-01
-1.576903668267292780e+00 3.340795276431309802e-01
-1.546200783916068744e+00 4.541655575505493814e-01
-1.984427134156083739e+00 5.293825392954903952e-01
-1.925733951876614114e+00 5.735482715977091583e-01
-2.054936590604524493e+00 5.739919438559045739e-01
-1.733085993294526617e+00 5.373190678456172265e-01
-1.613635557794003361e+00 5.292873194579124085e-01
-1.656845238125966624e+00 3.801466185823116906e-01
-1.507052363596881328e+00 4.769242271963975432e-01
-1.463056330950857742e+00 4.626723268285015678e-01
-1.865495398607046384e+00 5.419266495859930144e-01
-1.684273066841271316e+00 4.792471589714849545e-01
-1.573766643989727321e+00 5.071063059386655691e-01
-2.059630616410492276e+00 5.817387910826531394e-01
5.748905092266081152e-01 1.765855294136192022e+00
3.513677858802807807e-01 1.441673999926831540e+00
4.763337013494161609e-01 1.674833456641501517e+00
4.594467134562272292e-01 1.708586038457068357e+00
5.434459851364497052e-01 2.099859403741239472e+00
4.277110844347222218e-01 1.460420891996826676e+00
4.417258263509995508e-01 1.455525987912704489e+00
5.801422783792741233e-01 2.062881381134961778e+00
4.641117000141342652e-01 1.593522366698750359e+00
5.092878838104913930e-01 2.015853908188085963e+00
3.720569810132123290e-01 1.466053351378566072e+00
4.924994342397471248e-01 2.037524879588171078e+00
5.135544901468602763e-01 1.969516666214927048e+00
4.391626777224346134e-01 1.884513326328556282e+00
5.533099163985514268e-01 2.058363798657739885e+00
3.755651965960589700e-01 1.574023269171780370e+00
4.775179362958983376e-01 1.688468359238608940e+00
5.719289086947431100e-01 1.956591034112297400e+00
5.674984570378623916e-01 2.103204876738074436e+00
5.893048892485289736e-01 1.748054617860656634e+00
7.041013529043328445e-01 -2.411365325948235938e+00
7.120023782129748513e-01 -2.571031114075071233e+00
4.701272964785028763e-01 -2.207266527269758249e+00
4.632601449839394703e-01 -2.222761862244408970e+00
7.099978152707812074e-01 -2.252042584872918418e+00
7.337401564847511048e-01 -2.357256108455977550e+00
4.421676439614827259e-01 -1.933444811245798478e+00
5.072467927229381557e-01 -2.315303642545344154e+00
7.348897589732167335e-01 -2.236343607874855088e+00
6.100450089025672984e-01 -1.944473272717689438e+00
6.446917714584704528e-01 -2.087651860756242428e+00
5.028742533946626292e-01 -2.394878021831453818e+00
7.707404528318906323e-01 -2.540328435306585142e+00
6.419210346508983367e-01 -2.107663713067187583e+00
4.575511642001316437e-01 -2.148868510506126039e+00
4.892535827693013095e-01 -2.175295588931863033e+00
6.887702183748473095e-01 -2.610085088145464027e+00
6.060665157301124983e-01 -1.904393516563144484e+00
6.503740215518089007e-01 -2.280316170306543544e+00
7.336137891533708322e-01 -2.249413647747700917e+00
-2.117190413359077983e+00 -6.057276514010156987e-01
-2.393328711674974851e+00 -5.313216063296477554e-01
-2.142809494784240432e+00 -6.222631546317378692e-01
-2.285004536197817515e+00 -6.565052729178741941e-01
-2.398150504655879534e+00 -5.742524051159456633e-01
-2.275765820141922635e+00 -7.371938309043666315e-01
-2.487563017498533480e+00 -6.285005243263187547e-01
-2.353561265359124022e+00 -4.752230409258832444e-01
-2.122661444462226044e+00 -5.026932520090662271e-01
-2.356272267039758894e+00 -5.140430479985866885e-01
-1.924617280391140106e+00 -5.971230707192867193e-01
-2.499694604812476850e+00 -6.414221186217325954e-01
-2.264871628703557960e+00 -7.236375394472596145e-01
-2.129558660113815449e+00 -7.184063304203438527e-01
-1.938648476992228975e+00 -5.267741839206592225e-01
-2.430066442108609781e+00 -5.238973288279925589e-01
-2.661379358833293907e+00 -6.876477119194999155e-01
-2.641101289276150066e+00 -7.737503622956461991e-01
-2.470795480952934220e+00 -6.103461709311026606e-01
-2.220290861638376967e+00 -6.958375125016758034e-01
-5.669643910328240333e-01 2.451171470440496325e+00
-4.497799419505005281e-01 2.132373319734303774e+00
-6.519465649471869462e-01 2.226513194163966425e+00
-6.581179276756411456e-01 2.008551338872577752e+00
-5.232929006860675969e-01 2.284416439442696678e+00
-5.337707439843130119e-01 2.476527167260251350e+00
-6.488696192035064980e-01 1.992481919820483283e+00
-4.937159260739359956e-01 2.035971518097404509e+00
-6.938812916467036462e-01 2.578232253721883360e+00
-6.060074831694446384e-01 2.540861256770462706e+00
-6.894896974620692287e-01 2.686610241324949300e+00
-5.215743441417400872e-01 2.300422840376512568e+00
-4.529739686491242034e-01 2.160720958796966684e+00
-6.489677872703325523e-01 2.112426388341776651e+00
-4.426469909759291887e-01 2.006690068898424606e+00
-4.300948298580572482e-01 1.947894147140950771e+00
-6.024530899065456691e-01 2.452488649818579169e+00
-5.552252147777537727e-01 2.207720894964271707e+00
-4.520312922225048213e-01 2.101417560180922628e+00
-6.838191577890667672e-01 2.696930381294520451e+00
2.361737038365235186e+00 5.005752201882658348e-01
1.851473261107991819e+00 5.415066427154821005e-01
2.195199722604657122e+00 5.523695349555325373e-01
2.222222951758356047e+00 5.933206417972234359e-01
2.717330954758916839e+00 7.530791751051323368e-01
1.922202275375386016e+00 4.677423158170790352e-01
1.925801012949246660e+00 4.487823688773271980e-01
2.699552466320375821e+00 6.877295615861398481e-01
2.095712711386952698e+00 5.132772592266182654e-01
2.600552027728552762e+00 7.369319215369022347e-01
1.892368316934885941e+00 5.340606420194459192e-01
2.614037430791877004e+00 7.699190439109017126e-01
2.551157324550112016e+00 7.020092279365328647e-01
2.407103079201679208e+00 7.305098162214470614e-01
2.677025387487250718e+00 7.150018922304449687e-01
2.016204756213209492e+00 6.002914236233282130e-01
2.211320098955258384e+00 5.598989708316387537e-01
2.574548593117131912e+00 6.278877188581278856e-01
2.736731505478649407e+00 7.281746653555098980e-01
2.351065796162580046e+00 4.727765955467456149e-01
-1.909878248986344174e+00 -1.996997553571088879e+00
-2.057634776563004309e+00 -2.092340474537399242e+00
-1.844133761029358221e+00 -1.661852989937537606e+00
-1.862671983452384827e+00 -1.663833583763074442e+00
-1.754859899395822431e+00 -1.914987180801647870e+00
-1.842030954397201548e+00 -1.995472236472608296e+00
-1.598661351510661799e+00 -1.484615899827562036e+00
-1.926637213113188585e+00 -1.756634472734807995e+00
-1.726214046176357320e+00 -1.930065504608182492e+00
-1.516834821372312403e+00 -1.650606222672409640e+00
-1.634175025937876669e+00 -1.762359920279143344e+00
-2.004846887091104257e+00 -1.796234978191102005e+00
-1.996080605767084126e+00 -2.131409532483035552e+00
-1.654762780907908182e+00 -1.770726957741349361e+00
-1.795419051129733878e+00 -1.617753705679674692e+00
-1.803157894307631626e+00 -1.662489208640369309e+00
-2.107616371504043240e+00 -2.091688555611055822e+00
-1.480841896909108835e+00 -1.624772333015668258e+00
-1.814587193507005258e+00 -1.873738360756445287e+00
-1.739366714791468649e+00 -1.936038502031953934e+00
-1.741487814624254060e+00 1.683744542609063366e+00
-1.822482600948369447e+00 1.987724926827625360e+00
-1.771330491856474953e+00 1.699055468701559990e+00
-1.882157763380646553e+00 1.815681273616156943e+00
-1.866031665676928242e+00 1.968706362229739382e+00
-1.953942644662044259e+00 1.762501507640554355e+00
-1.966886822018468539e+00 2.024046754955768801e+00
-1.747169444443576136e+00 1.980695557171218812e+00
-1.646343433660175215e+00 1.745625319386878482e+00
-1.785641518897983282e+00 1.961927129238877354e+00
-1.627375627486669085e+00 1.505026514223762213e+00
-1.985868666850084452e+00 2.028496767175605786e+00
-1.935036737309687060e+00 1.759579356748716794e+00
-1.855631208684531686e+00 1.633553606627297539e+00
-1.568076470212143914e+00 1.557084911935247673e+00
-1.835615778473572046e+00 2.026805668069739497e+00
-2.118831073472495330e+00 2.157098105687166090e+00
-2.189701926030869661e+00 2.090424192266471692e+00
-1.940370332565897860e+00 2.018058425455028004e+00
-1.884034232906993234e+00 1.732400487090280494e+00
2.023224023608386712e+00 1.888250430985433104e+00
1.783979443693495481e+00 1.601278267279873324e+00
1.762468076086999291e+00 1.845644772659873700e+00
1.551437272474186280e+00 1.731644764838300654e+00
1.888387840940850770e+00 1.754932481869083682e+00
2.065635074819287986e+00 1.870574868489207176e+00
1.541215664498371662e+00 1.713996387272854971e+00
1.667979602318648613e+00 1.590111922609860118e+00
2.074461381031825979e+00 2.079038447901520925e+00
2.087191319697169423e+00 1.974773354062785646e+00
2.180120657356193981e+00 2.134462785743501456e+00
1.904581191855258870e+00 1.762098857394931883e+00
1.809227482131388509e+00 1.619912187851849206e+00
1.655424124522766549e+00 1.780059362603249484e+00
1.668173189870018280e+00 1.525357430897419375e+00
1.619066240415863778e+00 1.481062134490289006e+00
2.004960021110876234e+00 1.922782405892467850e+00
1.797762749327488807e+00 1.743169547131476316e+00
1.753251879460555163e+00 1.586397298706723635e+00
2.193070707899031024e+00 2.134736948175778970e+00
1.775817314007709813e+00 -1.974540328407662582e+00
1.534164653409990198e+00 -1.465936512908338818e+00
1.733562501935458355e+00 -1.787405354546261371e+00
1.787436446691787140e+00 -1.790625329016662270e+00
2.211936291489686290e+00 -2.174411854734326965e+00
1.502795652171272422e+00 -1.573885328156675367e+00
1.486713182562242608e+00 -1.587741556950107435e+00
2.139904254870051759e+00 -2.193417857278241900e+00
1.641604251505436540e+00 -1.714131999229932868e+00
2.132325556652406195e+00 -2.072045975018370179e+00
1.549563665779481569e+00 -1.508989586249958936e+00
2.171166982908227183e+00 -2.066749629509093023e+00
2.071890136095113633e+00 -2.044198681957159813e+00
2.019810757978766080e+00 -1.891293258806243882e+00
2.153494745786047826e+00 -2.156958150627078741e+00
1.680767000702166669e+00 -1.590532708929984995e+00
1.749601459947650151e+00 -1.798620885796408331e+00
2.014145112995363363e+00 -2.107248688036644335e+00
2.198881862462371828e+00 -2.206590841844385587e+00
1.743466384153442350e+00 -1.979663848439319196e+00
